0 4.73575
100 1.71245
200 2.28408
300 1.82337
400 1.67366
500 1.63258
600 1.65599
700 0.991479
800 1.21874
900 1.06769
1000 0.752359
1100 1.15739
1200 0.71654
1300 0.999248
1400 1.10999
1500 0.887658
1600 1.06177
1700 0.905769
1800 0.940761
1900 0.712366
2000 0.927286
2100 1.01232
2200 0.738293
2300 0.598256
2400 0.708521
2500 0.843216
2600 0.96087
2700 0.82236
2800 1.12855
2900 0.954212
3000 0.870191
3100 0.816465
3200 1.10406
3300 0.847873
3400 0.992067
3500 1.04429
3600 0.682693
3700 0.948116
3800 0.727035
3900 0.972868
4000 0.968155
4100 0.95442
4200 0.520087
4300 0.758697
4400 0.760541
4500 0.957544
4600 0.758492
4700 0.691474
4800 0.713132
4900 0.588431
5000 0.543908
5100 0.523524
5200 0.852169
5300 0.598703
5400 0.575314
5500 0.531866
5600 0.547589
5700 0.599065
5800 0.684758
5900 0.550493
6000 0.554602
6100 0.242576
6200 0.45565
6300 0.442937
6400 0.21447
6500 0.603936
6600 0.3383
6700 0.560485
6800 0.441598
6900 0.491737
7000 0.552379
7100 0.558364
7200 0.727308
7300 0.647595
7400 0.563118
7500 0.351184
7600 0.441572
7700 0.238857
7800 0.366156
7900 0.41986
8000 0.424596
8100 0.546689
8200 0.397575
8300 0.655742
8400 0.344964
8500 0.685944
8600 0.396387
8700 0.199512
8800 0.282159
8900 0.26117
9000 0.240643
9100 0.242494
9200 0.286282
9300 0.365541
9400 0.296862
9500 0.516205
9600 0.400827
9700 0.276733
9800 0.270923
9900 0.184428
10000 0.274395
10100 0.304475
10200 0.530681
10300 0.428875
10400 0.271545
10500 0.219264
10600 0.287361
10700 0.415982
10800 0.347462
10900 0.286488
11000 0.234328
11100 0.292377
11200 0.4405
11300 0.175493
11400 0.366242
11500 0.268123
11600 0.280701
11700 0.36062
11800 0.230784
11900 0.215846
12000 0.293907
12100 0.282624
12200 0.220957
12300 0.248282
12400 0.242927
12500 0.14804
12600 0.198686
12700 0.16534
12800 0.265212
12900 0.153417
13000 0.189684
13100 0.282787
13200 0.397217
13300 0.17878
13400 0.186099
13500 0.276802
13600 0.191673
13700 0.305687
13800 0.229454
13900 0.20132
14000 0.141769
14100 0.114517
14200 0.187705
14300 0.0692059
14400 0.176173
14500 0.123919
14600 0.247152
14700 0.243315
14800 0.16216
14900 0.126714
15000 0.0965824
15100 0.193318
15200 0.092326
15300 0.123726
15400 0.0750013
15500 0.087663
15600 0.0521942
15700 0.109759
15800 0.197717
15900 0.170194
16000 0.0518094
16100 0.0767144
16200 0.271057
16300 0.0980994
16400 0.162597
16500 0.215565
16600 0.107758
16700 0.0377969
16800 0.234521
16900 0.175984
17000 0.0796157
17100 0.044464
17200 0.0412256
17300 0.0991049
17400 0.134341
17500 0.122332
17600 0.0568202
17700 0.0751892
17800 0.175115
17900 0.101031
18000 0.0905427
18100 0.13176
18200 0.0862144
18300 0.0420756
18400 0.168201
18500 0.125643
18600 0.0776281
18700 0.229819
18800 0.168173
18900 0.0647669
19000 0.2077
19100 0.0873564
19200 0.0910947
19300 0.209918
19400 0.133189
19500 0.0979237
19600 0.206744
19700 0.179779
19800 0.0825679
19900 0.103757
20000 0.134838
20100 0.05165
20200 0.0601414
20300 0.110885
20400 0.0415475
20500 0.224211
20600 0.0625445
20700 0.12477
20800 0.140663
20900 0.0929349
21000 0.0793576
21100 0.10299
21200 0.0402569
21300 0.0845595
21400 0.0639945
21500 0.142044
21600 0.0932644
21700 0.0607627
21800 0.188936
21900 0.0677745
22000 0.129981
22100 0.143354
22200 0.0840136
22300 0.0803659
22400 0.0539677
22500 0.172251
22600 0.0481541
22700 0.114008
22800 0.0890198
22900 0.0510141
23000 0.106838
23100 0.100067
23200 0.055621
23300 0.0411108
23400 0.0580057
23500 0.0997054
23600 0.0886348
23700 0.124288
23800 0.0509012
23900 0.131963
24000 0.0981496
24100 0.131213
24200 0.116372
24300 0.095185
24400 0.0672393
24500 0.070454
24600 0.14214
24700 0.0766982
24800 0.039716
24900 0.105798
25000 0.060761
25100 0.120117
25200 0.0802944
25300 0.0889826
25400 0.0438846
25500 0.0370045
25600 0.151475
25700 0.115144
25800 0.083847
25900 0.106073
26000 0.111575
26100 0.0391639
26200 0.102737
26300 0.102412
26400 0.15138
26500 0.0433521
26600 0.116482
26700 0.0434383
26800 0.0810331
26900 0.0802805
27000 0.0255709
27100 0.132341
27200 0.0885267
27300 0.043519
27400 0.0884433
27500 0.126765
27600 0.0287341
27700 0.0907488
27800 0.206832
27900 0.0960974
28000 0.11291
28100 0.0757914
28200 0.0491847
28300 0.0756228
28400 0.0092492
28500 0.0415634
28600 0.105373
28700 0.0897674
28800 0.07053
28900 0.0599063
29000 0.0788265
29100 0.0351499
29200 0.113162
29300 0.122562
29400 0.176905
29500 0.0574347
29600 0.129855
29700 0.0519077
29800 0.188629
29900 0.0999367
30000 0.0297186
30100 0.103392
30200 0.083256
30300 0.0671649
30400 0.0387429
30500 0.100224
30600 0.0564346
30700 0.111568
30800 0.0695639
30900 0.0849979
31000 0.099962
31100 0.105636
31200 0.0454125
31300 0.0344083
31400 0.0374431
31500 0.0678531
31600 0.06402
31700 0.0981789
31800 0.0486675
31900 0.042865
32000 0.142467
32100 0.0828472
32200 0.0773729
32300 0.147896
32400 0.104245
32500 0.105578
32600 0.098442
32700 0.0411061
32800 0.0617267
32900 0.198118
33000 0.0919634
33100 0.0690366
33200 0.13975
33300 0.0481423
33400 0.0907723
33500 0.143959
33600 0.157435
33700 0.0285955
33800 0.0493372
33900 0.115375
34000 0.195818
34100 0.236876
34200 0.0892808
34300 0.0485936
34400 0.0890078
34500 0.0240872
34600 0.0729705
34700 0.126468
34800 0.0397569
34900 0.0255968
35000 0.0528472
35100 0.19958
35200 0.0629892
35300 0.133741
35400 0.121248
35500 0.0509651
35600 0.0593709
35700 0.118847
35800 0.0495954
35900 0.0564217
36000 0.0911235
36100 0.0331093
36200 0.0702275
36300 0.0914869
36400 0.0767195
36500 0.06723
36600 0.0927227
36700 0.0766917
36800 0.0853156
36900 0.127333
37000 0.1636
37100 0.0655415
37200 0.0469649
37300 0.0508264
37400 0.0420576
37500 0.105933
37600 0.10112
37700 0.0438696
37800 0.0311564
37900 0.0745906
38000 0.134416
38100 0.0667412
38200 0.0983468
38300 0.164239
38400 0.0583181
38500 0.0926749
38600 0.124546
38700 0.0260559
38800 0.0334335
38900 0.0471073
39000 0.105107
39100 0.117287
39200 0.0284158
39300 0.0600688
39400 0.0234559
39500 0.0641337
39600 0.0414499
39700 0.0357527
39800 0.0389895
39900 0.0351959
40000 0.229391
40100 0.0268253
40200 0.0595463
40300 0.0726852
40400 0.0255241
40500 0.120128
40600 0.191161
40700 0.109247
40800 0.106653
40900 0.172133
41000 0.124505
41100 0.101393
41200 0.0645238
41300 0.0738451
41400 0.0827438
41500 0.0947087
41600 0.0315805
41700 0.0519443
41800 0.216339
41900 0.0981423
42000 0.0467291
42100 0.0458056
42200 0.144087
42300 0.0463992
42400 0.0296151
42500 0.194237
42600 0.0660466
42700 0.0865149
42800 0.0683437
42900 0.107224
43000 0.138356
43100 0.135577
43200 0.0469261
43300 0.110175
43400 0.0998532
43500 0.0439504
43600 0.127799
43700 0.0436374
43800 0.0977054
43900 0.112567
44000 0.0965229
44100 0.0686369
44200 0.0987843
44300 0.0587271
44400 0.155315
44500 0.132424
44600 0.141479
44700 0.0617421
44800 0.0246267
44900 0.0612512
45000 0.12265
45100 0.133272
45200 0.0590413
45300 0.148367
45400 0.108964
45500 0.0645835
45600 0.0429684
45700 0.0281431
45800 0.0603677
45900 0.105104
46000 0.152849
46100 0.104713
46200 0.103657
46300 0.0575865
46400 0.127491
46500 0.166668
46600 0.0465816
46700 0.0253615
46800 0.0695777
46900 0.0230906
47000 0.14564
47100 0.0373217
47200 0.0207623
47300 0.0424713
47400 0.0324031
47500 0.029507
47600 0.028867
47700 0.104538
47800 0.100257
47900 0.123154
48000 0.0994229
48100 0.129824
48200 0.0484299
48300 0.0440567
48400 0.0929837
48500 0.046926
48600 0.0449473
48700 0.0195158
48800 0.130119
48900 0.0946283
49000 0.122927
49100 0.0474184
49200 0.0992658
49300 0.0514682
49400 0.0511274
49500 0.0818079
49600 0.0330446
49700 0.127103
49800 0.0730826
49900 0.167123
50000 0.0718134
50100 0.0375977
50200 0.0591276
50300 0.138224
50400 0.0613677
50500 0.108805
50600 0.0800202
50700 0.0830033
50800 0.0427619
50900 0.0886431
51000 0.109942
51100 0.117225
51200 0.197006
51300 0.0224756
51400 0.07133
51500 0.067367
51600 0.125336
51700 0.0429437
51800 0.0650901
51900 0.127911
52000 0.095289
52100 0.0324994
52200 0.175066
52300 0.0731349
52400 0.0802532
52500 0.100689
52600 0.0351531
52700 0.0695593
52800 0.0384795
52900 0.104636
53000 0.0429234
53100 0.159108
53200 0.147157
53300 0.0963998
53400 0.0476696
53500 0.0775695
53600 0.0749543
53700 0.0515564
53800 0.0668836
53900 0.0753433
54000 0.10045
54100 0.042356
54200 0.114888
54300 0.0740119
54400 0.040473
54500 0.0897265
54600 0.0521029
54700 0.081118
54800 0.0373125
54900 0.0237093
55000 0.0686843
55100 0.0945005
55200 0.0821615
55300 0.0543577
55400 0.049987
55500 0.0959329
55600 0.0442397
55700 0.118988
55800 0.0816164
55900 0.0208726
56000 0.0310457
56100 0.0781384
56200 0.0411209
56300 0.185367
56400 0.0470788
56500 0.0613963
56600 0.0522984
56700 0.122105
56800 0.133505
56900 0.0979174
57000 0.0787413
57100 0.0611784
57200 0.0611387
57300 0.0325954
57400 0.0161703
57500 0.0575291
57600 0.151786
57700 0.0834493
57800 0.115217
57900 0.103217
58000 0.074083
58100 0.0485127
58200 0.0544134
58300 0.0409264
58400 0.0922123
58500 0.0970269
58600 0.0415172
58700 0.0548875
58800 0.0817414
58900 0.155973
59000 0.0521214
59100 0.0403616
59200 0.119427
59300 0.0427379
59400 0.153141
59500 0.0862929
59600 0.0902627
59700 0.0316853
59800 0.0819998
59900 0.0415821
60000 0.0370286
